PROBLEM: tvh_problem_3.txt
DISTANCE: 4709
TRUCKS: 34
0 58 76 0 21:20 0:20 0 
1 36 44 0 22:21 0:21 0 
2 36 54 0:10 13:10 0 
3 46 74 0:6 10:6 0 
4 36 44 0:9 13:9 0 
5 80 108 0 19:18 0:18 0 
6 42 52 0 23:22 0:22 0 
7 100 146 0 20:19 0:19 0 
8 98 128 0:4 8:4 0 
9 174 210 0:8 12:8 0 
10 120 156 1 17:15 1:15 1 
11 68 80 1 24:26 1:26 1 
12 62 94 1:7 11:7 1 
13 210 252 1 6:2 1:2 1 
14 68 80 1 24:30 1:30 1 
15 230 282 1 18:16 1:16 1 
16 68 80 1 24:28 1:28 1 
17 26 32 1:5 9:5 1 
18 68 80 1 24:27 1:27 1 
19 68 80 1 24:29 1:29 1 
20 148 198 2 25:31 2:31 2 
21 152 184 2 27:33 2:33 2 
22 212 274 0:14 16:14 2 
23 154 202 2 14:11 1:11 2 
24 154 202 2 14:12 1:12 2 
25 361 451 1:13 15:13 2 
26 197 255 2 4:0 1:0 2 
27 205 245 2 24:25 1:25 2 
28 205 257 2 24:23 1:23 2 
29 205 257 2 24:24 1:24 2 
30 151 181 3 7:3 1:3 3 
31 219 269 3 26:32 1:32 3 
32 306 375 1:1 5:1 3 
33 346 416 3 18:17 1:17 3 
34 0 0 3
35 0 0 3
36 0 0 3
37 0 0 3
38 0 0 3
39 0 0 3
